(kicad_pcb (version 20171130) (host pcbnew "(5.0.0)")

  (general
    (thickness 1.6)
    (drawings 4)
    (tracks 532)
    (zones 0)
    (modules 87)
    (nets 63)
  )

  (page A4)
  (layers
    (0 F.Cu signal)
    (31 B.Cu signal)
    (32 B.Adhes user)
    (33 F.Adhes user hide)
    (34 B.Paste user)
    (35 F.Paste user hide)
    (36 B.SilkS user)
    (37 F.SilkS user hide)
    (38 B.Mask user)
    (39 F.Mask user hide)
    (40 Dwgs.User user)
    (41 Cmts.User user)
    (42 Eco1.User user)
    (43 Eco2.User user)
    (44 Edge.Cuts user)
    (45 Margin user)
    (46 B.CrtYd user)
    (47 F.CrtYd user hide)
    (48 B.Fab user)
    (49 F.Fab user hide)
  )

  (setup
    (last_trace_width 0.3)
    (trace_clearance 0.2)
    (zone_clearance 0.508)
    (zone_45_only no)
    (trace_min 0.2)
    (segment_width 0.2)
    (edge_width 0.15)
    (via_size 0.8)
    (via_drill 0.4)
    (via_min_size 0.4)
    (via_min_drill 0.3)
    (uvia_size 0.3)
    (uvia_drill 0.1)
    (uvias_allowed no)
    (uvia_min_size 0.2)
    (uvia_min_drill 0.1)
    (pcb_text_width 0.3)
    (pcb_text_size 1.5 1.5)
    (mod_edge_width 0.15)
    (mod_text_size 1 1)
    (mod_text_width 0.15)
    (pad_size 8 8)
    (pad_drill 0)
    (pad_to_mask_clearance 0.2)
    (aux_axis_origin 0 0)
    (visible_elements 7FFFFFFF)
    (pcbplotparams
      (layerselection 0x01000_7fffffff)
      (usegerberextensions false)
      (usegerberattributes false)
      (usegerberadvancedattributes false)
      (creategerberjobfile false)
      (excludeedgelayer false)
      (linewidth 0.100000)
      (plotframeref false)
      (viasonmask true)
      (mode 1)
      (useauxorigin false)
      (hpglpennumber 1)
      (hpglpenspeed 20)
      (hpglpendiameter 15.000000)
      (psnegative true)
      (psa4output false)
      (plotreference false)
      (plotvalue false)
      (plotinvisibletext false)
      (padsonsilk false)
      (subtractmaskfromsilk false)
      (outputformat 5)
      (mirror false)
      (drillshape 2)
      (scaleselection 1)
      (outputdirectory ""))
  )

  (net 0 "")
  (net 1 "Net-(C2-Pad2)")
  (net 2 GND)
  (net 3 LDOA)
  (net 4 "/Balancing Module/Cell5+")
  (net 5 "/Balancing Module/Cell4+")
  (net 6 "/Balancing Module/Cell3+")
  (net 7 "/Balancing Module/Cell2+")
  (net 8 "/Balancing Module/Cell1+")
  (net 9 LDOD)
  (net 10 "Net-(Q1-Pad3)")
  (net 11 "Net-(Q2-Pad3)")
  (net 12 "Net-(Q3-Pad3)")
  (net 13 "Net-(Q4-Pad3)")
  (net 14 "Net-(Q5-Pad3)")
  (net 15 "Net-(Q6-Pad3)")
  (net 16 "/Balancing Module/CB6")
  (net 17 "/Balancing Module/CB5")
  (net 18 "/Balancing Module/CB4")
  (net 19 "/Balancing Module/CB3")
  (net 20 "/Balancing Module/VC2")
  (net 21 "/Balancing Module/VC1")
  (net 22 "/Balancing Module/CB2")
  (net 23 "/Balancing Module/CB1")
  (net 24 HSEL)
  (net 25 GPIO)
  (net 26 "/Balancing Module/VC6")
  (net 27 "/Balancing Module/VC5")
  (net 28 "/Balancing Module/VC4")
  (net 29 "/Balancing Module/VC3")
  (net 30 "Net-(J5-Pad2)")
  (net 31 /V_batt)
  (net 32 "Net-(HSEL1-Pad2)")
  (net 33 GPAI2)
  (net 34 GPAI1)
  (net 35 "Net-(J6-Pad1)")
  (net 36 REG50)
  (net 37 "Net-(D1-Pad1)")
  (net 38 "Net-(D2-Pad1)")
  (net 39 "Net-(D3-Pad1)")
  (net 40 "Net-(D4-Pad1)")
  (net 41 "Net-(D5-Pad1)")
  (net 42 "Net-(D6-Pad1)")
  (net 43 "Net-(R5-Pad1)")
  (net 44 "Net-(R6-Pad1)")
  (net 45 "Net-(R7-Pad1)")
  (net 46 "Net-(J1-Pad1)")
  (net 47 "Net-(J1-Pad2)")
  (net 48 "Net-(J1-Pad3)")
  (net 49 "Net-(J1-Pad4)")
  (net 50 "Net-(J1-Pad5)")
  (net 51 "Net-(J1-Pad6)")
  (net 52 "Net-(J1-Pad7)")
  (net 53 "Net-(J1-Pad8)")
  (net 54 "Net-(R1-Pad1)")
  (net 55 "Net-(R2-Pad1)")
  (net 56 "Net-(R3-Pad1)")
  (net 57 "Net-(R4-Pad1)")
  (net 58 /TSP1)
  (net 59 /TSP2)
  (net 60 /TSN1)
  (net 61 /TSN2)
  (net 62 "Net-(R21-Pad2)")

  (net_class Default "Esta es la clase de red por defecto."
    (clearance 0.2)
    (trace_width 0.3)
    (via_dia 0.8)
    (via_drill 0.4)
    (uvia_dia 0.3)
    (uvia_drill 0.1)
    (add_net "/Balancing Module/CB1")
    (add_net "/Balancing Module/CB2")
    (add_net "/Balancing Module/CB3")
    (add_net "/Balancing Module/CB4")
    (add_net "/Balancing Module/CB5")
    (add_net "/Balancing Module/CB6")
    (add_net "/Balancing Module/Cell1+")
    (add_net "/Balancing Module/Cell2+")
    (add_net "/Balancing Module/Cell3+")
    (add_net "/Balancing Module/Cell4+")
    (add_net "/Balancing Module/Cell5+")
    (add_net "/Balancing Module/VC1")
    (add_net "/Balancing Module/VC2")
    (add_net "/Balancing Module/VC3")
    (add_net "/Balancing Module/VC4")
    (add_net "/Balancing Module/VC5")
    (add_net "/Balancing Module/VC6")
    (add_net /TSN1)
    (add_net /TSN2)
    (add_net /TSP1)
    (add_net /TSP2)
    (add_net /V_batt)
    (add_net GND)
    (add_net GPAI1)
    (add_net GPAI2)
    (add_net GPIO)
    (add_net HSEL)
    (add_net LDOA)
    (add_net LDOD)
    (add_net "Net-(C2-Pad2)")
    (add_net "Net-(D1-Pad1)")
    (add_net "Net-(D2-Pad1)")
    (add_net "Net-(D3-Pad1)")
    (add_net "Net-(D4-Pad1)")
    (add_net "Net-(D5-Pad1)")
    (add_net "Net-(D6-Pad1)")
    (add_net "Net-(HSEL1-Pad2)")
    (add_net "Net-(J1-Pad1)")
    (add_net "Net-(J1-Pad2)")
    (add_net "Net-(J1-Pad3)")
    (add_net "Net-(J1-Pad4)")
    (add_net "Net-(J1-Pad5)")
    (add_net "Net-(J1-Pad6)")
    (add_net "Net-(J1-Pad7)")
    (add_net "Net-(J1-Pad8)")
    (add_net "Net-(J5-Pad2)")
    (add_net "Net-(J6-Pad1)")
    (add_net "Net-(Q1-Pad3)")
    (add_net "Net-(Q2-Pad3)")
    (add_net "Net-(Q3-Pad3)")
    (add_net "Net-(Q4-Pad3)")
    (add_net "Net-(Q5-Pad3)")
    (add_net "Net-(Q6-Pad3)")
    (add_net "Net-(R1-Pad1)")
    (add_net "Net-(R2-Pad1)")
    (add_net "Net-(R21-Pad2)")
    (add_net "Net-(R3-Pad1)")
    (add_net "Net-(R4-Pad1)")
    (add_net "Net-(R5-Pad1)")
    (add_net "Net-(R6-Pad1)")
    (add_net "Net-(R7-Pad1)")
    (add_net REG50)
  )

  (net_class Celdas ""
    (clearance 0.2)
    (trace_width 1)
    (via_dia 0.8)
    (via_drill 0.4)
    (uvia_dia 0.3)
    (uvia_drill 0.1)
  )

  (module Capacitor_SMD:C_0805_2012Metric_Pad1.15x1.40mm_HandSolder (layer F.Cu) (tedit 5B36C52B) (tstamp 5C2BFEAC)
    (at 78.83 89.72)
    (descr "Capacitor SMD 0805 (2012 Metric), square (rectangular) end terminal, IPC_7351 nominal with elongated pad for handsoldering. (Body size source: https://docs.google.com/spreadsheets/d/1BsfQQcO9C6DZCsRaXUlFlo91Tg2WpOkGARC1WS5S8t0/edit?usp=sharing), generated with kicad-footprint-generator")
    (tags "capacitor handsolder")
    (path /5C69F05A)
    (attr smd)
    (fp_text reference C15 (at 0 -1.65) (layer F.SilkS)
      (effects (font (size 1 1) (thickness 0.15)))
    )
    (fp_text value "0.1uF 50v" (at 0 1.65) (layer F.Fab)
      (effects (font (size 1 1) (thickness 0.15)))
    )
    (fp_line (start -1 0.6) (end -1 -0.6) (layer F.Fab) (width 0.1))
    (fp_line (start -1 -0.6) (end 1 -0.6) (layer F.Fab) (width 0.1))
    (fp_line (start 1 -0.6) (end 1 0.6) (layer F.Fab) (width 0.1))
    (fp_line (start 1 0.6) (end -1 0.6) (layer F.Fab) (width 0.1))
    (fp_line (start -0.261252 -0.71) (end 0.261252 -0.71) (layer F.SilkS) (width 0.12))
    (fp_line (start -0.261252 0.71) (end 0.261252 0.71) (layer F.SilkS) (width 0.12))
    (fp_line (start -1.85 0.95) (end -1.85 -0.95) (layer F.CrtYd) (width 0.05))
    (fp_line (start -1.85 -0.95) (end 1.85 -0.95) (layer F.CrtYd) (width 0.05))
    (fp_line (start 1.85 -0.95) (end 1.85 0.95) (layer F.CrtYd) (width 0.05))
    (fp_line (start 1.85 0.95) (end -1.85 0.95) (layer F.CrtYd) (width 0.05))
    (fp_text user %R (at 0 0) (layer F.Fab)
      (effects (font (size 0.5 0.5) (thickness 0.08)))
    )
    (pad 1 smd roundrect (at -1.025 0) (size 1.15 1.4) (layers F.Cu F.Paste F.Mask) (roundrect_rratio 0.217391)
      (net 2 GND))
    (pad 2 smd roundrect (at 1.025 0) (size 1.15 1.4) (layers F.Cu F.Paste F.Mask) (roundrect_rratio 0.217391)
      (net 31 /V_batt))
    (model ${KISYS3DMOD}/Capacitor_SMD.3dshapes/C_0805_2012Metric.wrl
      (at (xyz 0 0 0))
      (scale (xyz 1 1 1))
      (rotate (xyz 0 0 0))
    )
  )

  (module Resistor_SMD:R_0805_2012Metric_Pad1.15x1.40mm_HandSolder (layer B.Cu) (tedit 5B36C52B) (tstamp 5C77F828)
    (at 72.48 74.6 270)
    (descr "Resistor SMD 0805 (2012 Metric), square (rectangular) end terminal, IPC_7351 nominal with elongated pad for handsoldering. (Body size source: https://docs.google.com/spreadsheets/d/1BsfQQcO9C6DZCsRaXUlFlo91Tg2WpOkGARC1WS5S8t0/edit?usp=sharing), generated with kicad-footprint-generator")
    (tags "resistor handsolder")
    (path /5C633901)
    (attr smd)
    (fp_text reference R39 (at 0 1.65 270) (layer B.SilkS)
      (effects (font (size 1 1) (thickness 0.15)) (justify mirror))
    )
    (fp_text value 1M (at 0 -1.65 270) (layer B.Fab)
      (effects (font (size 1 1) (thickness 0.15)) (justify mirror))
    )
    (fp_text user %R (at 0 0 270) (layer B.Fab)
      (effects (font (size 0.5 0.5) (thickness 0.08)) (justify mirror))
    )
    (fp_line (start 1.85 -0.95) (end -1.85 -0.95) (layer B.CrtYd) (width 0.05))
    (fp_line (start 1.85 0.95) (end 1.85 -0.95) (layer B.CrtYd) (width 0.05))
    (fp_line (start -1.85 0.95) (end 1.85 0.95) (layer B.CrtYd) (width 0.05))
    (fp_line (start -1.85 -0.95) (end -1.85 0.95) (layer B.CrtYd) (width 0.05))
    (fp_line (start -0.261252 -0.71) (end 0.261252 -0.71) (layer B.SilkS) (width 0.12))
    (fp_line (start -0.261252 0.71) (end 0.261252 0.71) (layer B.SilkS) (width 0.12))
    (fp_line (start 1 -0.6) (end -1 -0.6) (layer B.Fab) (width 0.1))
    (fp_line (start 1 0.6) (end 1 -0.6) (layer B.Fab) (width 0.1))
    (fp_line (start -1 0.6) (end 1 0.6) (layer B.Fab) (width 0.1))
    (fp_line (start -1 -0.6) (end -1 0.6) (layer B.Fab) (width 0.1))
    (pad 2 smd roundrect (at 1.025 0 270) (size 1.15 1.4) (layers B.Cu B.Paste B.Mask) (roundrect_rratio 0.217391)
      (net 36 REG50))
    (pad 1 smd roundrect (at -1.025 0 270) (size 1.15 1.4) (layers B.Cu B.Paste B.Mask) (roundrect_rratio 0.217391)
      (net 25 GPIO))
    (model ${KISYS3DMOD}/Resistor_SMD.3dshapes/R_0805_2012Metric.wrl
      (at (xyz 0 0 0))
      (scale (xyz 1 1 1))
      (rotate (xyz 0 0 0))
    )
  )

  (module Connector_PinHeader_2.54mm:PinHeader_1x08_P2.54mm_Horizontal (layer F.Cu) (tedit 59FED5CB) (tstamp 5C2B1FC4)
    (at 76.044715 60.508969 90)
    (descr "Through hole angled pin header, 1x08, 2.54mm pitch, 6mm pin length, single row")
    (tags "Through hole angled pin header THT 1x08 2.54mm single row")
    (path /5C3D718A)
    (fp_text reference J1 (at 4.385 -2.27 90) (layer F.SilkS)
      (effects (font (size 1 1) (thickness 0.15)))
    )
    (fp_text value Conn_01x08 (at 4.385 20.05 90) (layer F.Fab)
      (effects (font (size 1 1) (thickness 0.15)))
    )
    (fp_text user %R (at 2.77 8.89 180) (layer F.Fab)
      (effects (font (size 1 1) (thickness 0.15)))
    )
    (fp_line (start 10.55 -1.8) (end -1.8 -1.8) (layer F.CrtYd) (width 0.05))
    (fp_line (start 10.55 19.55) (end 10.55 -1.8) (layer F.CrtYd) (width 0.05))
    (fp_line (start -1.8 19.55) (end 10.55 19.55) (layer F.CrtYd) (width 0.05))
    (fp_line (start -1.8 -1.8) (end -1.8 19.55) (layer F.CrtYd) (width 0.05))
    (fp_line (start -1.27 -1.27) (end 0 -1.27) (layer F.SilkS) (width 0.12))
    (fp_line (start -1.27 0) (end -1.27 -1.27) (layer F.SilkS) (width 0.12))
    (fp_line (start 1.042929 18.16) (end 1.44 18.16) (layer F.SilkS) (width 0.12))
    (fp_line (start 1.042929 17.4) (end 1.44 17.4) (layer F.SilkS) (width 0.12))
    (fp_line (start 10.1 18.16) (end 4.1 18.16) (layer F.SilkS) (width 0.12))
    (fp_line (start 10.1 17.4) (end 10.1 18.16) (layer F.SilkS) (width 0.12))
    (fp_line (start 4.1 17.4) (end 10.1 17.4) (layer F.SilkS) (width 0.12))
    (fp_line (start 1.44 16.51) (end 4.1 16.51) (layer F.SilkS) (width 0.12))
    (fp_line (start 1.042929 15.62) (end 1.44 15.62) (layer F.SilkS) (width 0.12))
    (fp_line (start 1.042929 14.86) (end 1.44 14.86) (layer F.SilkS) (width 0.12))
    (fp_line (start 10.1 15.62) (end 4.1 15.62) (layer F.SilkS) (width 0.12))
    (fp_line (start 10.1 14.86) (end 10.1 15.62) (layer F.SilkS) (width 0.12))
    (fp_line (start 4.1 14.86) (end 10.1 14.86) (layer F.SilkS) (width 0.12))
    (fp_line (start 1.44 13.97) (end 4.1 13.97) (layer F.SilkS) (width 0.12))
    (fp_line (start 1.042929 13.08) (end 1.44 13.08) (layer F.SilkS) (width 0.12))
    (fp_line (start 1.042929 12.32) (end 1.44 12.32) (layer F.SilkS) (width 0.12))
    (fp_line (start 10.1 13.08) (end 4.1 13.08) (layer F.SilkS) (width 0.12))
    (fp_line (start 10.1 12.32) (end 10.1 13.08) (layer F.SilkS) (width 0.12))
    (fp_line (start 4.1 12.32) (end 10.1 12.32) (layer F.SilkS) (width 0.12))
    (fp_line (start 1.44 11.43) (end 4.1 11.43) (layer F.SilkS) (width 0.12))
    (fp_line (start 1.042929 10.54) (end 1.44 10.54) (layer F.SilkS) (width 0.12))
    (fp_line (start 1.042929 9.78) (end 1.44 9.78) (layer F.SilkS) (width 0.12))
    (fp_line (start 10.1 10.54) (end 4.1 10.54) (layer F.SilkS) (width 0.12))
    (fp_line (start 10.1 9.78) (end 10.1 10.54) (layer F.SilkS) (width 0.12))
    (fp_line (start 4.1 9.78) (end 10.1 9.78) (layer F.SilkS) (width 0.12))
    (fp_line (start 1.44 8.89) (end 4.1 8.89) (layer F.SilkS) (width 0.12))
    (fp_line (start 1.042929 8) (end 1.44 8) (layer F.SilkS) (width 0.12))
    (fp_line (start 1.042929 7.24) (end 1.44 7.24) (layer F.SilkS) (width 0.12))
    (fp_line (start 10.1 8) (end 4.1 8) (layer F.SilkS) (width 0.12))
    (fp_line (start 10.1 7.24) (end 10.1 8) (layer F.SilkS) (width 0.12))
    (fp_line (start 4.1 7.24) (end 10.1 7.24) (layer F.SilkS) (width 0.12))
    (fp_line (start 1.44 6.35) (end 4.1 6.35) (layer F.SilkS) (width 0.12))
    (fp_line (start 1.042929 5.46) (end 1.44 5.46) (layer F.SilkS) (width 0.12))
    (fp_line (start 1.042929 4.7) (end 1.44 4.7) (layer F.SilkS) (width 0.12))
    (fp_line (start 10.1 5.46) (end 4.1 5.46) (layer F.SilkS) (width 0.12))
    (fp_line (start 10.1 4.7) (end 10.1 5.46) (layer F.SilkS) (width 0.12))
    (fp_line (start 4.1 4.7) (end 10.1 4.7) (layer F.SilkS) (width 0.12))
    (fp_line (start 1.44 3.81) (end 4.1 3.81) (layer F.SilkS) (width 0.12))
    (fp_line (start 1.042929 2.92) (end 1.44 2.92) (layer F.SilkS) (width 0.12))
    (fp_line (start 1.042929 2.16) (end 1.44 2.16) (layer F.SilkS) (width 0.12))
    (fp_line (start 10.1 2.92) (end 4.1 2.92) (layer F.SilkS) (width 0.12))
    (fp_line (start 10.1 2.16) (end 10.1 2.92) (layer F.SilkS) (width 0.12))
    (fp_line (start 4.1 2.16) (end 10.1 2.16) (layer F.SilkS) (width 0.12))
    (fp_line (start 1.44 1.27) (end 4.1 1.27) (layer F.SilkS) (width 0.12))
    (fp_line (start 1.11 0.38) (end 1.44 0.38) (layer F.SilkS) (width 0.12))
    (fp_line (start 1.11 -0.38) (end 1.44 -0.38) (layer F.SilkS) (width 0.12))
    (fp_line (start 4.1 0.28) (end 10.1 0.28) (layer F.SilkS) (width 0.12))
    (fp_line (start 4.1 0.16) (end 10.1 0.16) (layer F.SilkS) (width 0.12))
    (fp_line (start 4.1 0.04) (end 10.1 0.04) (layer F.SilkS) (width 0.12))
    (fp_line (start 4.1 -0.08) (end 10.1 -0.08) (layer F.SilkS) (width 0.12))
    (fp_line (start 4.1 -0.2) (end 10.1 -0.2) (layer F.SilkS) (width 0.12))
    (fp_line (start 4.1 -0.32) (end 10.1 -0.32) (layer F.SilkS) (width 0.12))
    (fp_line (start 10.1 0.38) (end 4.1 0.38) (layer F.SilkS) (width 0.12))
    (fp_line (start 10.1 -0.38) (end 10.1 0.38) (layer F.SilkS) (width 0.12))
    (fp_line (start 4.1 -0.38) (end 10.1 -0.38) (layer F.SilkS) (width 0.12))
    (fp_line (start 4.1 -1.33) (end 1.44 -1.33) (layer F.SilkS) (width 0.12))
    (fp_line (start 4.1 19.11) (end 4.1 -1.33) (layer F.SilkS) (width 0.12))
    (fp_line (start 1.44 19.11) (end 4.1 19.11) (layer F.SilkS) (width 0.12))
    (fp_line (start 1.44 -1.33) (end 1.44 19.11) (layer F.SilkS) (width 0.12))
    (fp_line (start 4.04 18.1) (end 10.04 18.1) (layer F.Fab) (width 0.1))
    (fp_line (start 10.04 17.46) (end 10.04 18.1) (layer F.Fab) (width 0.1))
    (fp_line (start 4.04 17.46) (end 10.04 17.46) (layer F.Fab) (width 0.1))
    (fp_line (start -0.32 18.1) (end 1.5 18.1) (layer F.Fab) (width 0.1))
    (fp_line (start -0.32 17.46) (end -0.32 18.1) (layer F.Fab) (width 0.1))
    (fp_line (start -0.32 17.46) (end 1.5 17.46) (layer F.Fab) (width 0.1))
    (fp_line (start 4.04 15.56) (end 10.04 15.56) (layer F.Fab) (width 0.1))
    (fp_line (start 10.04 14.92) (end 10.04 15.56) (layer F.Fab) (width 0.1))
    (fp_line (start 4.04 14.92) (end 10.04 14.92) (layer F.Fab) (width 0.1))
    (fp_line (start -0.32 15.56) (end 1.5 15.56) (layer F.Fab) (width 0.1))
    (fp_line (start -0.32 14.92) (end -0.32 15.56) (layer F.Fab) (width 0.1))
    (fp_line (start -0.32 14.92) (end 1.5 14.92) (layer F.Fab) (width 0.1))
    (fp_line (start 4.04 13.02) (end 10.04 13.02) (layer F.Fab) (width 0.1))
    (fp_line (start 10.04 12.38) (end 10.04 13.02) (layer F.Fab) (width 0.1))
    (fp_line (start 4.04 12.38) (end 10.04 12.38) (layer F.Fab) (width 0.1))
    (fp_line (start -0.32 13.02) (end 1.5 13.02) (layer F.Fab) (width 0.1))
    (fp_line (start -0.32 12.38) (end -0.32 13.02) (layer F.Fab) (width 0.1))
    (fp_line (start -0.32 12.38) (end 1.5 12.38) (layer F.Fab) (width 0.1))
    (fp_line (start 4.04 10.48) (end 10.04 10.48) (layer F.Fab) (width 0.1))
    (fp_line (start 10.04 9.84) (end 10.04 10.48) (layer F.Fab) (width 0.1))
    (fp_line (start 4.04 9.84) (end 10.04 9.84) (layer F.Fab) (width 0.1))
    (fp_line (start -0.32 10.48) (end 1.5 10.48) (layer F.Fab) (width 0.1))
    (fp_line (start -0.32 9.84) (end -0.32 10.48) (layer F.Fab) (width 0.1))
    (fp_line (start -0.32 9.84) (end 1.5 9.84) (layer F.Fab) (width 0.1))
    (fp_line (start 4.04 7.94) (end 10.04 7.94) (layer F.Fab) (width 0.1))
    (fp_line (start 10.04 7.3) (end 10.04 7.94) (layer F.Fab) (width 0.1))
    (fp_line (start 4.04 7.3) (end 10.04 7.3) (layer F.Fab) (width 0.1))
    (fp_line (start -0.32 7.94) (end 1.5 7.94) (layer F.Fab) (width 0.1))
    (fp_line (start -0.32 7.3) (end -0.32 7.94) (layer F.Fab) (width 0.1))
    (fp_line (start -0.32 7.3) (end 1.5 7.3) (layer F.Fab) (width 0.1))
    (fp_line (start 4.04 5.4) (end 10.04 5.4) (layer F.Fab) (width 0.1))
    (fp_line (start 10.04 4.76) (end 10.04 5.4) (layer F.Fab) (width 0.1))
    (fp_line (start 4.04 4.76) (end 10.04 4.76) (layer F.Fab) (width 0.1))
    (fp_line (start -0.32 5.4) (end 1.5 5.4) (layer F.Fab) (width 0.1))
    (fp_line (start -0.32 4.76) (end -0.32 5.4) (layer F.Fab) (width 0.1))
    (fp_line (start -0.32 4.76) (end 1.5 4.76) (layer F.Fab) (width 0.1))
    (fp_line (start 4.04 2.86) (end 10.04 2.86) (layer F.Fab) (width 0.1))
    (fp_line (start 10.04 2.22) (end 10.04 2.86) (layer F.Fab) (width 0.1))
    (fp_line (start 4.04 2.22) (end 10.04 2.22) (layer F.Fab) (width 0.1))
    (fp_line (start -0.32 2.86) (end 1.5 2.86) (layer F.Fab) (width 0.1))
    (fp_line (start -0.32 2.22) (end -0.32 2.86) (layer F.Fab) (width 0.1))
    (fp_line (start -0.32 2.22) (end 1.5 2.22) (layer F.Fab) (width 0.1))
    (fp_line (start 4.04 0.32) (end 10.04 0.32) (layer F.Fab) (width 0.1))
    (fp_line (start 10.04 -0.32) (end 10.04 0.32) (layer F.Fab) (width 0.1))
    (fp_line (start 4.04 -0.32) (end 10.04 -0.32) (layer F.Fab) (width 0.1))
    (fp_line (start -0.32 0.32) (end 1.5 0.32) (layer F.Fab) (width 0.1))
    (fp_line (start -0.32 -0.32) (end -0.32 0.32) (layer F.Fab) (width 0.1))
    (fp_line (start -0.32 -0.32) (end 1.5 -0.32) (layer F.Fab) (width 0.1))
    (fp_line (start 1.5 -0.635) (end 2.135 -1.27) (layer F.Fab) (width 0.1))
    (fp_line (start 1.5 19.05) (end 1.5 -0.635) (layer F.Fab) (width 0.1))
    (fp_line (start 4.04 19.05) (end 1.5 19.05) (layer F.Fab) (width 0.1))
    (fp_line (start 4.04 -1.27) (end 4.04 19.05) (layer F.Fab) (width 0.1))
    (fp_line (start 2.135 -1.27) (end 4.04 -1.27) (layer F.Fab) (width 0.1))
    (pad 8 thru_hole oval (at 0 17.78 90) (size 1.7 1.7) (drill 1) (layers *.Cu *.Mask)
      (net 53 "Net-(J1-Pad8)"))
    (pad 7 thru_hole oval (at 0 15.24 90) (size 1.7 1.7) (drill 1) (layers *.Cu *.Mask)
      (net 52 "Net-(J1-Pad7)"))
    (pad 6 thru_hole oval (at 0 12.7 90) (size 1.7 1.7) (drill 1) (layers *.Cu *.Mask)
      (net 51 "Net-(J1-Pad6)"))
    (pad 5 thru_hole oval (at 0 10.16 90) (size 1.7 1.7) (drill 1) (layers *.Cu *.Mask)
      (net 50 "Net-(J1-Pad5)"))
    (pad 4 thru_hole oval (at 0 7.62 90) (size 1.7 1.7) (drill 1) (layers *.Cu *.Mask)
      (net 49 "Net-(J1-Pad4)"))
    (pad 3 thru_hole oval (at 0 5.08 90) (size 1.7 1.7) (drill 1) (layers *.Cu *.Mask)
      (net 48 "Net-(J1-Pad3)"))
    (pad 2 thru_hole oval (at 0 2.54 90) (size 1.7 1.7) (drill 1) (layers *.Cu *.Mask)
      (net 47 "Net-(J1-Pad2)"))
    (pad 1 thru_hole rect (at 0 0 90) (size 1.7 1.7) (drill 1) (layers *.Cu *.Mask)
      (net 46 "Net-(J1-Pad1)"))
    (model ${KISYS3DMOD}/Connector_PinHeader_2.54mm.3dshapes/PinHeader_1x08_P2.54mm_Horizontal.wrl
      (at (xyz 0 0 0))
      (scale (xyz 1 1 1))
      (rotate (xyz 0 0 0))
    )
  )

  (module Resistor_SMD:R_0805_2012Metric_Pad1.15x1.40mm_HandSolder (layer F.Cu) (tedit 5B36C52B) (tstamp 5C32CDA3)
    (at 71.814715 99.548969 90)
    (descr "Resistor SMD 0805 (2012 Metric), square (rectangular) end terminal, IPC_7351 nominal with elongated pad for handsoldering. (Body size source: https://docs.google.com/spreadsheets/d/1BsfQQcO9C6DZCsRaXUlFlo91Tg2WpOkGARC1WS5S8t0/edit?usp=sharing), generated with kicad-footprint-generator")
    (tags "resistor handsolder")
    (path /5C1E5757/5C1E84E6)
    (attr smd)
    (fp_text reference R17 (at -7.570833 0.88 90) (layer F.SilkS)
      (effects (font (size 1 1) (thickness 0.15)))
    )
    (fp_text value 1M (at 0 1.65 90) (layer F.Fab)
      (effects (font (size 1 1) (thickness 0.15)))
    )
    (fp_text user %R (at 0 0 90) (layer F.Fab)
      (effects (font (size 0.5 0.5) (thickness 0.08)))
    )
    (fp_line (start 1.85 0.95) (end -1.85 0.95) (layer F.CrtYd) (width 0.05))
    (fp_line (start 1.85 -0.95) (end 1.85 0.95) (layer F.CrtYd) (width 0.05))
    (fp_line (start -1.85 -0.95) (end 1.85 -0.95) (layer F.CrtYd) (width 0.05))
    (fp_line (start -1.85 0.95) (end -1.85 -0.95) (layer F.CrtYd) (width 0.05))
    (fp_line (start -0.261252 0.71) (end 0.261252 0.71) (layer F.SilkS) (width 0.12))
    (fp_line (start -0.261252 -0.71) (end 0.261252 -0.71) (layer F.SilkS) (width 0.12))
    (fp_line (start 1 0.6) (end -1 0.6) (layer F.Fab) (width 0.1))
    (fp_line (start 1 -0.6) (end 1 0.6) (layer F.Fab) (width 0.1))
    (fp_line (start -1 -0.6) (end 1 -0.6) (layer F.Fab) (width 0.1))
    (fp_line (start -1 0.6) (end -1 -0.6) (layer F.Fab) (width 0.1))
    (pad 2 smd roundrect (at 1.025 0 90) (size 1.15 1.4) (layers F.Cu F.Paste F.Mask) (roundrect_rratio 0.217391)
      (net 4 "/Balancing Module/Cell5+"))
    (pad 1 smd roundrect (at -1.025 0 90) (size 1.15 1.4) (layers F.Cu F.Paste F.Mask) (roundrect_rratio 0.217391)
      (net 37 "Net-(D1-Pad1)"))
    (model ${KISYS3DMOD}/Resistor_SMD.3dshapes/R_0805_2012Metric.wrl
      (at (xyz 0 0 0))
      (scale (xyz 1 1 1))
      (rotate (xyz 0 0 0))
    )
  )

  (module Package_TO_SOT_SMD:SOT-23 (layer F.Cu) (tedit 5A02FF57) (tstamp 5C32CCF3)
    (at 99.164715 105.888969 180)
    (descr "SOT-23, Standard")
    (tags SOT-23)
    (path /5C1E5757/5C1FD35F)
    (attr smd)
    (fp_text reference Q1 (at 2.41 -0.04 270) (layer F.SilkS)
      (effects (font (size 1 1) (thickness 0.15)))
    )
    (fp_text value 2N7002 (at 0.224999 2.344999 180) (layer F.Fab)
      (effects (font (size 1 1) (thickness 0.15)))
    )
    (fp_text user %R (at 0 0 -90) (layer F.Fab)
      (effects (font (size 0.5 0.5) (thickness 0.075)))
    )
    (fp_line (start -0.7 -0.95) (end -0.7 1.5) (layer F.Fab) (width 0.1))
    (fp_line (start -0.15 -1.52) (end 0.7 -1.52) (layer F.Fab) (width 0.1))
    (fp_line (start -0.7 -0.95) (end -0.15 -1.52) (layer F.Fab) (width 0.1))
    (fp_line (start 0.7 -1.52) (end 0.7 1.52) (layer F.Fab) (width 0.1))
    (fp_line (start -0.7 1.52) (end 0.7 1.52) (layer F.Fab) (width 0.1))
    (fp_line (start 0.76 1.58) (end 0.76 0.65) (layer F.SilkS) (width 0.12))
    (fp_line (start 0.76 -1.58) (end 0.76 -0.65) (layer F.SilkS) (width 0.12))
    (fp_line (start -1.7 -1.75) (end 1.7 -1.75) (layer F.CrtYd) (width 0.05))
    (fp_line (start 1.7 -1.75) (end 1.7 1.75) (layer F.CrtYd) (width 0.05))
    (fp_line (start 1.7 1.75) (end -1.7 1.75) (layer F.CrtYd) (width 0.05))
    (fp_line (start -1.7 1.75) (end -1.7 -1.75) (layer F.CrtYd) (width 0.05))
    (fp_line (start 0.76 -1.58) (end -1.4 -1.58) (layer F.SilkS) (width 0.12))
    (fp_line (start 0.76 1.58) (end -0.7 1.58) (layer F.SilkS) (width 0.12))
    (pad 1 smd rect (at -1 -0.95 180) (size 0.9 0.8) (layers F.Cu F.Paste F.Mask)
      (net 42 "Net-(D6-Pad1)"))
    (pad 2 smd rect (at -1 0.95 180) (size 0.9 0.8) (layers F.Cu F.Paste F.Mask)
      (net 2 GND))
    (pad 3 smd rect (at 1 0 180) (size 0.9 0.8) (layers F.Cu F.Paste F.Mask)
      (net 10 "Net-(Q1-Pad3)"))
    (model ${KISYS3DMOD}/Package_TO_SOT_SMD.3dshapes/SOT-23.wrl
      (at (xyz 0 0 0))
      (scale (xyz 1 1 1))
      (rotate (xyz 0 0 0))
    )
  )

  (module Package_TO_SOT_SMD:SOT-23 (layer F.Cu) (tedit 5A02FF57) (tstamp 5C32CD6B)
    (at 93.404715 105.888969 180)
    (descr "SOT-23, Standard")
    (tags SOT-23)
    (path /5C1E5757/5C1F4067)
    (attr smd)
    (fp_text reference Q2 (at 2.4 -0.04 270) (layer F.SilkS)
      (effects (font (size 1 1) (thickness 0.15)))
    )
    (fp_text value 2N7002 (at 0 2.5 180) (layer F.Fab)
      (effects (font (size 1 1) (thickness 0.15)))
    )
    (fp_line (start 0.76 1.58) (end -0.7 1.58) (layer F.SilkS) (width 0.12))
    (fp_line (start 0.76 -1.58) (end -1.4 -1.58) (layer F.SilkS) (width 0.12))
    (fp_line (start -1.7 1.75) (end -1.7 -1.75) (layer F.CrtYd) (width 0.05))
    (fp_line (start 1.7 1.75) (end -1.7 1.75) (layer F.CrtYd) (width 0.05))
    (fp_line (start 1.7 -1.75) (end 1.7 1.75) (layer F.CrtYd) (width 0.05))
    (fp_line (start -1.7 -1.75) (end 1.7 -1.75) (layer F.CrtYd) (width 0.05))
    (fp_line (start 0.76 -1.58) (end 0.76 -0.65) (layer F.SilkS) (width 0.12))
    (fp_line (start 0.76 1.58) (end 0.76 0.65) (layer F.SilkS) (width 0.12))
    (fp_line (start -0.7 1.52) (end 0.7 1.52) (layer F.Fab) (width 0.1))
    (fp_line (start 0.7 -1.52) (end 0.7 1.52) (layer F.Fab) (width 0.1))
    (fp_line (start -0.7 -0.95) (end -0.15 -1.52) (layer F.Fab) (width 0.1))
    (fp_line (start -0.15 -1.52) (end 0.7 -1.52) (layer F.Fab) (width 0.1))
    (fp_line (start -0.7 -0.95) (end -0.7 1.5) (layer F.Fab) (width 0.1))
    (fp_text user %R (at 0 0 270) (layer F.Fab)
      (effects (font (size 0.5 0.5) (thickness 0.075)))
    )
    (pad 3 smd rect (at 1 0 180) (size 0.9 0.8) (layers F.Cu F.Paste F.Mask)
      (net 11 "Net-(Q2-Pad3)"))
    (pad 2 smd rect (at -1 0.95 180) (size 0.9 0.8) (layers F.Cu F.Paste F.Mask)
      (net 8 "/Balancing Module/Cell1+"))
    (pad 1 smd rect (at -1 -0.95 180) (size 0.9 0.8) (layers F.Cu F.Paste F.Mask)
      (net 41 "Net-(D5-Pad1)"))
    (model ${KISYS3DMOD}/Package_TO_SOT_SMD.3dshapes/SOT-23.wrl
      (at (xyz 0 0 0))
      (scale (xyz 1 1 1))
      (rotate (xyz 0 0 0))
    )
  )

  (module Package_TO_SOT_SMD:SOT-23 (layer F.Cu) (tedit 5A02FF57) (tstamp 5C32CD2F)
    (at 87.724715 105.888969 180)
    (descr "SOT-23, Standard")
    (tags SOT-23)
    (path /5C1E5757/5C2187BA)
    (attr smd)
    (fp_text reference Q3 (at 2.45 -0.04 270) (layer F.SilkS)
      (effects (font (size 1 1) (thickness 0.15)))
    )
    (fp_text value 2N7002 (at 0 2.5 180) (layer F.Fab)
      (effects (font (size 1 1) (thickness 0.15)))
    )
    (fp_line (start 0.76 1.58) (end -0.7 1.58) (layer F.SilkS) (width 0.12))
    (fp_line (start 0.76 -1.58) (end -1.4 -1.58) (layer F.SilkS) (width 0.12))
    (fp_line (start -1.7 1.75) (end -1.7 -1.75) (layer F.CrtYd) (width 0.05))
    (fp_line (start 1.7 1.75) (end -1.7 1.75) (layer F.CrtYd) (width 0.05))
    (fp_line (start 1.7 -1.75) (end 1.7 1.75) (layer F.CrtYd) (width 0.05))
    (fp_line (start -1.7 -1.75) (end 1.7 -1.75) (layer F.CrtYd) (width 0.05))
    (fp_line (start 0.76 -1.58) (end 0.76 -0.65) (layer F.SilkS) (width 0.12))
    (fp_line (start 0.76 1.58) (end 0.76 0.65) (layer F.SilkS) (width 0.12))
    (fp_line (start -0.7 1.52) (end 0.7 1.52) (layer F.Fab) (width 0.1))
    (fp_line (start 0.7 -1.52) (end 0.7 1.52) (layer F.Fab) (width 0.1))
    (fp_line (start -0.7 -0.95) (end -0.15 -1.52) (layer F.Fab) (width 0.1))
    (fp_line (start -0.15 -1.52) (end 0.7 -1.52) (layer F.Fab) (width 0.1))
    (fp_line (start -0.7 -0.95) (end -0.7 1.5) (layer F.Fab) (width 0.1))
    (fp_text user %R (at 0 0 270) (layer F.Fab)
      (effects (font (size 0.5 0.5) (thickness 0.075)))
    )
    (pad 3 smd rect (at 1 0 180) (size 0.9 0.8) (layers F.Cu F.Paste F.Mask)
      (net 12 "Net-(Q3-Pad3)"))
    (pad 2 smd rect (at -1 0.95 180) (size 0.9 0.8) (layers F.Cu F.Paste F.Mask)
      (net 7 "/Balancing Module/Cell2+"))
    (pad 1 smd rect (at -1 -0.95 180) (size 0.9 0.8) (layers F.Cu F.Paste F.Mask)
      (net 40 "Net-(D4-Pad1)"))
    (model ${KISYS3DMOD}/Package_TO_SOT_SMD.3dshapes/SOT-23.wrl
      (at (xyz 0 0 0))
      (scale (xyz 1 1 1))
      (rotate (xyz 0 0 0))
    )
  )

  (module Package_TO_SOT_SMD:SOT-23 (layer F.Cu) (tedit 5A02FF57) (tstamp 5C32CABF)
    (at 81.964715 105.888969 180)
    (descr "SOT-23, Standard")
    (tags SOT-23)
    (path /5C1E5757/5C213046)
    (attr smd)
    (fp_text reference Q4 (at 2.41 -0.04 270) (layer F.SilkS)
      (effects (font (size 1 1) (thickness 0.15)))
    )
    (fp_text value 2N7002 (at 0 2.5 180) (layer F.Fab)
      (effects (font (size 1 1) (thickness 0.15)))
    )
    (fp_line (start 0.76 1.58) (end -0.7 1.58) (layer F.SilkS) (width 0.12))
    (fp_line (start 0.76 -1.58) (end -1.4 -1.58) (layer F.SilkS) (width 0.12))
    (fp_line (start -1.7 1.75) (end -1.7 -1.75) (layer F.CrtYd) (width 0.05))
    (fp_line (start 1.7 1.75) (end -1.7 1.75) (layer F.CrtYd) (width 0.05))
    (fp_line (start 1.7 -1.75) (end 1.7 1.75) (layer F.CrtYd) (width 0.05))
    (fp_line (start -1.7 -1.75) (end 1.7 -1.75) (layer F.CrtYd) (width 0.05))
    (fp_line (start 0.76 -1.58) (end 0.76 -0.65) (layer F.SilkS) (width 0.12))
    (fp_line (start 0.76 1.58) (end 0.76 0.65) (layer F.SilkS) (width 0.12))
    (fp_line (start -0.7 1.52) (end 0.7 1.52) (layer F.Fab) (width 0.1))
    (fp_line (start 0.7 -1.52) (end 0.7 1.52) (layer F.Fab) (width 0.1))
    (fp_line (start -0.7 -0.95) (end -0.15 -1.52) (layer F.Fab) (width 0.1))
    (fp_line (start -0.15 -1.52) (end 0.7 -1.52) (layer F.Fab) (width 0.1))
    (fp_line (start -0.7 -0.95) (end -0.7 1.5) (layer F.Fab) (width 0.1))
    (fp_text user %R (at 0 0 270) (layer F.Fab)
      (effects (font (size 0.5 0.5) (thickness 0.075)))
    )
    (pad 3 smd rect (at 1 0 180) (size 0.9 0.8) (layers F.Cu F.Paste F.Mask)
      (net 13 "Net-(Q4-Pad3)"))
    (pad 2 smd rect (at -1 0.95 180) (size 0.9 0.8) (layers F.Cu F.Paste F.Mask)
      (net 6 "/Balancing Module/Cell3+"))
    (pad 1 smd rect (at -1 -0.95 180) (size 0.9 0.8) (layers F.Cu F.Paste F.Mask)
      (net 39 "Net-(D3-Pad1)"))
    (model ${KISYS3DMOD}/Package_TO_SOT_SMD.3dshapes/SOT-23.wrl
      (at (xyz 0 0 0))
      (scale (xyz 1 1 1))
      (rotate (xyz 0 0 0))
    )
  )

  (module Package_TO_SOT_SMD:SOT-23 (layer F.Cu) (tedit 5A02FF57) (tstamp 5C32CC57)
    (at 76.284715 105.888969 180)
    (descr "SOT-23, Standard")
    (tags SOT-23)
    (path /5C1E5757/5C20FACC)
    (attr smd)
    (fp_text reference Q5 (at 2.38 -0.04 270) (layer F.SilkS)
      (effects (font (size 1 1) (thickness 0.15)))
    )
    (fp_text value 2N7002 (at 0 2.5 180) (layer F.Fab)
      (effects (font (size 1 1) (thickness 0.15)))
    )
    (fp_text user %R (at 0 0 270) (layer F.Fab)
      (effects (font (size 0.5 0.5) (thickness 0.075)))
    )
    (fp_line (start -0.7 -0.95) (end -0.7 1.5) (layer F.Fab) (width 0.1))
    (fp_line (start -0.15 -1.52) (end 0.7 -1.52) (layer F.Fab) (width 0.1))
    (fp_line (start -0.7 -0.95) (end -0.15 -1.52) (layer F.Fab) (width 0.1))
    (fp_line (start 0.7 -1.52) (end 0.7 1.52) (layer F.Fab) (width 0.1))
    (fp_line (start -0.7 1.52) (end 0.7 1.52) (layer F.Fab) (width 0.1))
    (fp_line (start 0.76 1.58) (end 0.76 0.65) (layer F.SilkS) (width 0.12))
    (fp_line (start 0.76 -1.58) (end 0.76 -0.65) (layer F.SilkS) (width 0.12))
    (fp_line (start -1.7 -1.75) (end 1.7 -1.75) (layer F.CrtYd) (width 0.05))
    (fp_line (start 1.7 -1.75) (end 1.7 1.75) (layer F.CrtYd) (width 0.05))
    (fp_line (start 1.7 1.75) (end -1.7 1.75) (layer F.CrtYd) (width 0.05))
    (fp_line (start -1.7 1.75) (end -1.7 -1.75) (layer F.CrtYd) (width 0.05))
    (fp_line (start 0.76 -1.58) (end -1.4 -1.58) (layer F.SilkS) (width 0.12))
    (fp_line (start 0.76 1.58) (end -0.7 1.58) (layer F.SilkS) (width 0.12))
    (pad 1 smd rect (at -1 -0.95 180) (size 0.9 0.8) (layers F.Cu F.Paste F.Mask)
      (net 38 "Net-(D2-Pad1)"))
    (pad 2 smd rect (at -1 0.95 180) (size 0.9 0.8) (layers F.Cu F.Paste F.Mask)
      (net 5 "/Balancing Module/Cell4+"))
    (pad 3 smd rect (at 1 0 180) (size 0.9 0.8) (layers F.Cu F.Paste F.Mask)
      (net 14 "Net-(Q5-Pad3)"))
    (model ${KISYS3DMOD}/Package_TO_SOT_SMD.3dshapes/SOT-23.wrl
      (at (xyz 0 0 0))
      (scale (xyz 1 1 1))
      (rotate (xyz 0 0 0))
    )
  )

  (module Package_TO_SOT_SMD:SOT-23 (layer F.Cu) (tedit 5A02FF57) (tstamp 5C32CB5B)
    (at 70.604715 105.888969 180)
    (descr "SOT-23, Standard")
    (tags SOT-23)
    (path /5C1E5757/5C1E8018)
    (attr smd)
    (fp_text reference Q6 (at 2.32 -0.04 270) (layer F.SilkS)
      (effects (font (size 1 1) (thickness 0.15)))
    )
    (fp_text value 2N7002 (at 0 2.5 180) (layer F.Fab)
      (effects (font (size 1 1) (thickness 0.15)))
    )
    (fp_text user %R (at -0.01 0.01 -90) (layer F.Fab)
      (effects (font (size 0.5 0.5) (thickness 0.075)))
    )
    (fp_line (start -0.7 -0.95) (end -0.7 1.5) (layer F.Fab) (width 0.1))
    (fp_line (start -0.15 -1.52) (end 0.7 -1.52) (layer F.Fab) (width 0.1))
    (fp_line (start -0.7 -0.95) (end -0.15 -1.52) (layer F.Fab) (width 0.1))
    (fp_line (start 0.7 -1.52) (end 0.7 1.52) (layer F.Fab) (width 0.1))
    (fp_line (start -0.7 1.52) (end 0.7 1.52) (layer F.Fab) (width 0.1))
    (fp_line (start 0.76 1.58) (end 0.76 0.65) (layer F.SilkS) (width 0.12))
    (fp_line (start 0.76 -1.58) (end 0.76 -0.65) (layer F.SilkS) (width 0.12))
    (fp_line (start -1.7 -1.75) (end 1.7 -1.75) (layer F.CrtYd) (width 0.05))
    (fp_line (start 1.7 -1.75) (end 1.7 1.75) (layer F.CrtYd) (width 0.05))
    (fp_line (start 1.7 1.75) (end -1.7 1.75) (layer F.CrtYd) (width 0.05))
    (fp_line (start -1.7 1.75) (end -1.7 -1.75) (layer F.CrtYd) (width 0.05))
    (fp_line (start 0.76 -1.58) (end -1.4 -1.58) (layer F.SilkS) (width 0.12))
    (fp_line (start 0.76 1.58) (end -0.7 1.58) (layer F.SilkS) (width 0.12))
    (pad 1 smd rect (at -1 -0.95 180) (size 0.9 0.8) (layers F.Cu F.Paste F.Mask)
      (net 37 "Net-(D1-Pad1)"))
    (pad 2 smd rect (at -1 0.95 180) (size 0.9 0.8) (layers F.Cu F.Paste F.Mask)
      (net 4 "/Balancing Module/Cell5+"))
    (pad 3 smd rect (at 1 0 180) (size 0.9 0.8) (layers F.Cu F.Paste F.Mask)
      (net 15 "Net-(Q6-Pad3)"))
    (model ${KISYS3DMOD}/Package_TO_SOT_SMD.3dshapes/SOT-23.wrl
      (at (xyz 0 0 0))
      (scale (xyz 1 1 1))
      (rotate (xyz 0 0 0))
    )
  )

  (module Resistor_SMD:R_0805_2012Metric_Pad1.15x1.40mm_HandSolder (layer F.Cu) (tedit 5B36C52B) (tstamp 5C32CC8F)
    (at 69.344715 99.548969 270)
    (descr "Resistor SMD 0805 (2012 Metric), square (rectangular) end terminal, IPC_7351 nominal with elongated pad for handsoldering. (Body size source: https://docs.google.com/spreadsheets/d/1BsfQQcO9C6DZCsRaXUlFlo91Tg2WpOkGARC1WS5S8t0/edit?usp=sharing), generated with kicad-footprint-generator")
    (tags "resistor handsolder")
    (path /5C1E5757/5C1E84DF)
    (attr smd)
    (fp_text reference R13 (at -3.303334 -0.47 270) (layer F.SilkS)
      (effects (font (size 1 1) (thickness 0.15)))
    )
    (fp_text value 1K (at 0 1.65 270) (layer B.Fab)
      (effects (font (size 1 1) (thickness 0.15)) (justify mirror))
    )
    (fp_line (start -1 0.6) (end -1 -0.6) (layer F.Fab) (width 0.1))
    (fp_line (start -1 -0.6) (end 1 -0.6) (layer F.Fab) (width 0.1))
    (fp_line (start 1 -0.6) (end 1 0.6) (layer F.Fab) (width 0.1))
    (fp_line (start 1 0.6) (end -1 0.6) (layer F.Fab) (width 0.1))
    (fp_line (start -0.261252 -0.71) (end 0.261252 -0.71) (layer F.SilkS) (width 0.12))
    (fp_line (start -0.261252 0.71) (end 0.261252 0.71) (layer F.SilkS) (width 0.12))
    (fp_line (start -1.85 0.95) (end -1.85 -0.95) (layer F.CrtYd) (width 0.05))
    (fp_line (start -1.85 -0.95) (end 1.85 -0.95) (layer F.CrtYd) (width 0.05))
    (fp_line (start 1.85 -0.95) (end 1.85 0.95) (layer F.CrtYd) (width 0.05))
    (fp_line (start 1.85 0.95) (end -1.85 0.95) (layer F.CrtYd) (width 0.05))
    (fp_text user %R (at 0 0 270) (layer F.Fab)
      (effects (font (size 0.5 0.5) (thickness 0.08)))
    )
    (pad 1 smd roundrect (at -1.025 0 270) (size 1.15 1.4) (layers F.Cu F.Paste F.Mask) (roundrect_rratio 0.217391)
      (net 16 "/Balancing Module/CB6"))
    (pad 2 smd roundrect (at 1.025 0 270) (size 1.15 1.4) (layers F.Cu F.Paste F.Mask) (roundrect_rratio 0.217391)
      (net 37 "Net-(D1-Pad1)"))
    (model ${KISYS3DMOD}/Resistor_SMD.3dshapes/R_0805_2012Metric.wrl
      (at (xyz 0 0 0))
      (scale (xyz 1 1 1))
      (rotate (xyz 0 0 0))
    )
  )

  (module Resistor_SMD:R_0805_2012Metric_Pad1.15x1.40mm_HandSolder (layer F.Cu) (tedit 5B36C52B) (tstamp 5C32CC23)
    (at 75.064715 99.548969 270)
    (descr "Resistor SMD 0805 (2012 Metric), square (rectangular) end terminal, IPC_7351 nominal with elongated pad for handsoldering. (Body size source: https://docs.google.com/spreadsheets/d/1BsfQQcO9C6DZCsRaXUlFlo91Tg2WpOkGARC1WS5S8t0/edit?usp=sharing), generated with kicad-footprint-generator")
    (tags "resistor handsolder")
    (path /5C1E5757/5C20FAD3)
    (attr smd)
    (fp_text reference R14 (at -3.303334 -0.802602 270) (layer F.SilkS)
      (effects (font (size 1 1) (thickness 0.15)))
    )
    (fp_text value 1K (at 0 1.65 270) (layer F.Fab)
      (effects (font (size 1 1) (thickness 0.15)))
    )
    (fp_line (start -1 0.6) (end -1 -0.6) (layer F.Fab) (width 0.1))
    (fp_line (start -1 -0.6) (end 1 -0.6) (layer F.Fab) (width 0.1))
    (fp_line (start 1 -0.6) (end 1 0.6) (layer F.Fab) (width 0.1))
    (fp_line (start 1 0.6) (end -1 0.6) (layer F.Fab) (width 0.1))
    (fp_line (start -0.261252 -0.71) (end 0.261252 -0.71) (layer F.SilkS) (width 0.12))
    (fp_line (start -0.261252 0.71) (end 0.261252 0.71) (layer F.SilkS) (width 0.12))
    (fp_line (start -1.85 0.95) (end -1.85 -0.95) (layer F.CrtYd) (width 0.05))
    (fp_line (start -1.85 -0.95) (end 1.85 -0.95) (layer F.CrtYd) (width 0.05))
    (fp_line (start 1.85 -0.95) (end 1.85 0.95) (layer F.CrtYd) (width 0.05))
    (fp_line (start 1.85 0.95) (end -1.85 0.95) (layer F.CrtYd) (width 0.05))
    (fp_text user %R (at 0 0 270) (layer F.Fab)
      (effects (font (size 0.5 0.5) (thickness 0.08)))
    )
    (pad 1 smd roundrect (at -1.025 0 270) (size 1.15 1.4) (layers F.Cu F.Paste F.Mask) (roundrect_rratio 0.217391)
      (net 17 "/Balancing Module/CB5"))
    (pad 2 smd roundrect (at 1.025 0 270) (size 1.15 1.4) (layers F.Cu F.Paste F.Mask) (roundrect_rratio 0.217391)
